00000000
00000004
00000008
0000000c
00000010
00000014
00000018
0000001c
00000020
00000024
00000028
0000002c
00000030
00000034
00000038
0000003c
00000040
00000044
00000048
00000000
00000024
00000048
00000048
00000004
00000030
00000048
00000048
00000008
0000003c
00000048
00000044
00000000
00000028
00000044
00000044
00000004
00000034
00000044
00000044
00000008
00000040
00000044
00000040
00000000
0000002c
00000040
00000040
00000004
00000038
00000040
00000040
00000008
00000044
00000040
0000004c
00000004
00000024
0000004c
0000004c
00000008
00000030
0000004c
0000004c
0000000c
0000003c
0000004c
00000048
00000004
00000028
00000048
00000048
00000008
00000034
00000048
00000048
0000000c
00000040
00000048
00000044
00000004
0000002c
00000044
00000044
00000008
00000038
00000044
00000044
0000000c
00000044
00000044
00000050
00000008
00000024
00000050
00000050
0000000c
00000030
00000050
00000050
00000010
0000003c
00000050
0000004c
00000008
00000028
0000004c
0000004c
0000000c
00000034
0000004c
0000004c
00000010
00000040
0000004c
00000048
00000008
0000002c
00000048
00000048
0000000c
00000038
00000048
00000048
00000010
00000044
00000048
